function CMBA = CMBA_lookup_table_2010_UAV(alpha_q, beta_q)


CM_lookup = [0.0598200000000000      0.0428300000000000      0.0170100000000000      -0.0110300000000000      -0.0437900000000000      -0.0755000000000000      -0.101960000000000      -0.124400000000000      -0.132330000000000      -0.141100000000000      -0.150480000000000      -0.159890000000000      -0.169310000000000      -0.177920000000000      -0.186310000000000      -0.196530000000000      -0.211290000000000      -0.223250000000000      -0.235330000000000      -0.245980000000000      -0.256850000000000      -0.261480000000000      -0.238210000000000      -0.258390000000000      -0.286610000000000
             0.0692300000000000      0.0522400000000000      0.0264200000000000      -0.00162000000000001     -0.0343800000000000      -0.0660900000000000      -0.0925500000000000      -0.114990000000000      -0.122920000000000      -0.131690000000000      -0.141070000000000      -0.150480000000000      -0.159900000000000      -0.168510000000000      -0.176900000000000      -0.187120000000000      -0.201880000000000      -0.213840000000000      -0.225920000000000      -0.236570000000000      -0.247440000000000      -0.252070000000000      -0.228800000000000      -0.248980000000000      -0.277200000000000
             0.0786200000000000      0.0616300000000000      0.0358100000000000       0.00777000000000000     -0.0249900000000000      -0.0567000000000000      -0.0831600000000000      -0.105600000000000      -0.113530000000000      -0.122300000000000      -0.131680000000000      -0.141090000000000      -0.150510000000000      -0.159120000000000      -0.167510000000000      -0.177730000000000      -0.192490000000000      -0.204450000000000      -0.216530000000000      -0.227180000000000      -0.238050000000000      -0.242680000000000      -0.219410000000000      -0.239590000000000      -0.267810000000000
             0.0951200000000000      0.0781300000000000      0.0523100000000000       0.0242700000000000      -0.00849000000000000      -0.0402000000000000      -0.0666600000000000      -0.0891000000000000      -0.0970300000000000      -0.105800000000000      -0.115180000000000      -0.124590000000000      -0.134010000000000      -0.142620000000000      -0.151010000000000      -0.161230000000000      -0.175990000000000      -0.187950000000000      -0.200030000000000      -0.210680000000000      -0.221550000000000      -0.226180000000000      -0.202910000000000      -0.223090000000000      -0.251310000000000
             0.104810000000000       0.0878200000000000      0.0620000000000000       0.0339600000000000       0.00120000000000000      -0.0305100000000000      -0.0569700000000000      -0.0794100000000000      -0.0873400000000000      -0.0961100000000000      -0.105490000000000      -0.114900000000000      -0.124320000000000      -0.132930000000000      -0.141320000000000      -0.151540000000000      -0.166300000000000      -0.178260000000000      -0.190340000000000      -0.200990000000000      -0.211860000000000      -0.216490000000000      -0.193220000000000      -0.213400000000000      -0.241620000000000
             0.108860000000000       0.0918700000000000      0.0660500000000000       0.0380100000000000       0.00525000000000000      -0.0264600000000000      -0.0529200000000000      -0.0753600000000000      -0.0832900000000000      -0.0920600000000000      -0.101440000000000      -0.110850000000000      -0.120270000000000      -0.128880000000000      -0.137270000000000      -0.147490000000000      -0.162250000000000      -0.174210000000000      -0.186290000000000      -0.196940000000000      -0.207810000000000      -0.212440000000000      -0.189170000000000      -0.209350000000000      -0.237570000000000
             0.113450000000000       0.0964600000000000      0.0706400000000000       0.0426000000000000       0.00984000000000000      -0.0218700000000000      -0.0483300000000000      -0.0707700000000000      -0.0787000000000000      -0.0874700000000000      -0.0968500000000000      -0.106260000000000      -0.115680000000000      -0.124290000000000      -0.132680000000000      -0.142900000000000      -0.157660000000000      -0.169620000000000      -0.181700000000000      -0.192350000000000      -0.203220000000000      -0.207850000000000      -0.184580000000000      -0.204760000000000      -0.232980000000000
             0.117290000000000       0.100300000000000       0.0744800000000000       0.0464400000000000       0.0136800000000000      -0.0180300000000000      -0.0444900000000000      -0.0669300000000000      -0.0748600000000000      -0.0836300000000000      -0.0930100000000000      -0.102420000000000      -0.111840000000000      -0.120450000000000      -0.128840000000000      -0.139060000000000      -0.153820000000000      -0.165780000000000      -0.177860000000000      -0.188510000000000      -0.199380000000000      -0.204010000000000      -0.180740000000000      -0.200920000000000      -0.229140000000000
             0.119720000000000       0.102730000000000       0.0769100000000000       0.0488700000000000       0.0161100000000000      -0.0156000000000000      -0.0420600000000000      -0.0645000000000000      -0.0724300000000000      -0.0812000000000000      -0.0905800000000000      -0.0999900000000000      -0.109410000000000      -0.118020000000000      -0.126410000000000      -0.136630000000000      -0.151390000000000      -0.163350000000000      -0.175430000000000      -0.186080000000000      -0.196950000000000      -0.201580000000000      -0.178310000000000      -0.198490000000000      -0.226710000000000
             0.124120000000000       0.107130000000000       0.0813100000000000       0.0532700000000000       0.0205100000000000      -0.0112000000000000      -0.0376600000000000      -0.0601000000000000      -0.0680300000000000      -0.0768000000000000      -0.0861800000000000      -0.0955900000000000      -0.105010000000000      -0.113620000000000      -0.122010000000000      -0.132230000000000      -0.146990000000000      -0.158950000000000      -0.171030000000000      -0.181680000000000      -0.192550000000000      -0.197180000000000      -0.173910000000000      -0.194090000000000      -0.222310000000000
             0.127800000000000       0.110810000000000       0.0849900000000000       0.0569500000000000       0.0241900000000000      -0.00752000000000000      -0.0339800000000000      -0.0564200000000000      -0.0643500000000000      -0.0731200000000000      -0.0825000000000000      -0.0919100000000000      -0.101330000000000      -0.109940000000000      -0.118330000000000      -0.128550000000000      -0.143310000000000      -0.155270000000000      -0.167350000000000      -0.178000000000000      -0.188870000000000      -0.193500000000000      -0.170230000000000      -0.190410000000000      -0.218630000000000
             0.130930000000000       0.113940000000000       0.0881200000000000       0.0600800000000000       0.0273200000000000      -0.00439000000000000      -0.0308500000000000      -0.0532900000000000      -0.0612200000000000      -0.0699900000000000      -0.0793700000000000      -0.0887800000000000      -0.0982000000000000      -0.106810000000000      -0.115200000000000      -0.125420000000000      -0.140180000000000      -0.152140000000000      -0.164220000000000      -0.174870000000000      -0.185740000000000      -0.190370000000000      -0.167100000000000      -0.187280000000000      -0.215500000000000
